x	y	z	Name
351033.1964	5705615.0505	-621.0671	Di_hw29
351033.1964	5705615.0505	-621.0671	Di_hw29
351036.3700	5705610.6608	-612.6657	Di_hw29
351046.8313	5705596.1911	-617.3645	Di_hw29
351080.9681	5705548.9741	-628.6415	Di_hw29
351106.8461	5705513.1805	-630.5210	Di_hw29
351121.1615	5705493.3798	-616.4247	Di_hw29
351126.6675	5705485.7642	-571.3166	Di_hw29
351130.5216	5705480.4332	-510.2327	Di_hw29
351134.3758	5705475.1023	-480.1606	Di_hw29
351142.0841	5705464.4404	-461.3656	Di_hw29
351148.6576	5705455.3481	-451.3848	Di_hw29
351129.2687	5705482.1662	-446.0595	Di_hw30
351147.5900	5705456.8247	-405.9202	Di_hw30
351196.5929	5705389.0454	-321.3424	Di_hw30
351260.4618	5705300.7039	-224.5479	Di_hw30
351330.3873	5705203.9852	-164.4038	Di_hw30
351402.5151	5705104.2202	-118.3559	Di_hw30
351474.6429	5705004.4552	-88.2838	Di_hw30
351512.6339	5704951.9072	-72.3080	Di_hw30
351565.9770	5704878.1247	-50.5006	Di_hw30
351598.2501	5704820.6764	-34.7179	Di_hw30
351652.1020	5704724.8160	-7.4651	Di_hw30
351679.2581	5704676.4762	9.4505	Di_hw30
351683.4865	5704668.9494	13.5565	Di_hw30
351714.6998	5704608.0568	46.1008	Di_hw30
351735.2771	5704567.9135	68.5246	Di_hw30
351432.5153	5705062.7248	-525.5459	Gi5_hw29
351436.8708	5705056.7004	-569.0148	Gi5_hw29
351431.7806	5705063.7410	-595.9476	Gi5_hw29
351422.5039	5705076.5723	-626.1926	Gi5_hw29
351619.7956	5704782.3237	-584.9975	Fi_hw29
351625.2595	5704772.5976	-570.1367	Fi_hw29
351628.1286	5704767.4904	-556.4681	Fi_hw29
351628.4405	5704766.9352	-548.0610	Fi_hw29
352035.9184	5703979.4050	-555.6436	Sb_hw29
352077.6863	5703896.7360	-531.4681	Sb_hw29
352109.2900	5703834.1845	-499.6127	Sb_hw29
352119.4288	5703814.1174	-489.3931	Sb_hw29
352154.1202	5703745.4545	-430.5650	Sb_hw29
352162.4362	5703728.9952	-416.4632	Sb_hw29
352171.6740	5703710.7112	-394.2222	Sb_hw29
352194.6559	5703660.7369	-334.5020	Sb_hw29
352204.1337	5703640.1274	-309.8733	Sb_hw29
352223.0373	5703599.0216	-245.3583	Sb_hw29
350743.9444	5706015.1350	-403.3522	Ma_fw29
350722.6873	5706044.5372	-404.0027	Ma_fw29
350708.1953	5706064.5820	-396.5822	Ma_fw29
350690.8049	5706088.6358	-369.3739	Ma_fw29
350679.6944	5706104.0035	-357.8310	Ma_fw29
350674.8638	5706110.6852	-359.4799	Ma_fw29
350672.9315	5706113.3578	-390.8108	Ma_fw29
350670.9992	5706116.0305	-422.9661	Ma_fw29
350666.1686	5706122.7121	-427.0886	Ma_fw29
350648.2952	5706147.4341	-412.2476	Ma_fw29
350616.4128	5706191.5327	-379.2678	Ma_fw29
350594.6749	5706221.6000	-348.7615	Ma_fw29
350583.5644	5706236.9677	-332.2716	Ma_fw29
350577.2845	5706245.6538	-330.6226	Ma_fw29
350567.1401	5706259.6852	-347.1125	Ma_fw29
350564.1655	5706263.7996	-358.2820	Ma_fw29
350566.9315	5706259.9737	-360.5518	Ma_fw37
350560.9273	5706268.2785	-363.4540	Ma_fw37
350541.6625	5706294.9250	-358.1695	Ma_fw37
350537.2661	5706301.0061	-356.5846	Ma_fw37
350500.5278	5706349.2089	-343.7840	Ma_fw37
350459.2408	5706403.3798	-329.3985	Ma_fw37
350441.1113	5706427.1667	-324.4602	Ma_fw37
350425.7556	5706444.7582	-320.6046	Ma_fw37
350350.5889	5706530.8688	-314.0996	Ma_fw37
350319.3286	5706566.6804	-314.6060	Ma_fw37
350303.6909	5706556.1585	-314.8068	Ma_fw37
350248.6137	5706519.0994	-315.5139	Ma_fw37
350244.9305	5706516.6212	-315.4381	Ma_fw37
350206.9016	5706574.6634	-314.2519	Ma_fw37
350166.4398	5706636.4190	-312.9898	Ma_fw37
350110.7616	5706721.3988	-315.5139	Ma_fw37
350055.0834	5706806.3787	-318.0381	Ma_fw37
350023.2673	5706854.9387	-326.8724	Ma_fw37
349981.0123	5706919.4312	-348.1771	Ma_fw37
349970.6830	5706935.1559	-353.3756	Ma_fw37
349935.3450	5706988.9524	-367.8893	Ma_fw37
349900.0070	5707042.7489	-382.4029	Ma_fw37
349855.3149	5707110.7856	-390.6063	Ma_fw37
349810.6227	5707178.8223	-398.8096	Ma_fw37
349741.3326	5707284.3056	-407.6440	Ma_fw37
349704.6767	5707340.1083	-411.1485	Ma_fw37
349682.7143	5707373.5428	-413.2482	Ma_fw37
349669.0675	5707396.5646	-414.6529	Ma_fw37
349550.7243	5707596.2077	-440.9815	Ma_fw37
349609.2278	5707632.3325	-448.7817	Ma_fw37
349618.5413	5707638.0834	-495.3018	Hu_fw37
349550.7243	5707596.2077	-485.9889	Hu_fw37
349580.8044	5707545.4630	-479.0963	Hu_fw37
349618.4749	5707481.9134	-472.1609	Hu_fw37
349656.1455	5707418.3639	-465.2254	Hu_fw37
349682.7143	5707373.5428	-461.7079	Hu_fw37
349707.3017	5707336.1122	-458.6845	Hu_fw37
349760.4957	5707255.1328	-452.1435	Hu_fw37
349818.8520	5707166.2946	-446.8290	Hu_fw37
349877.2082	5707077.4564	-441.5145	Hu_fw37
349945.8891	5706972.9007	-421.8916	Hu_fw37
349981.0123	5706919.4312	-405.7144	Hu_fw37
349984.9358	5706913.4428	-403.9040	Hu_fw37
350043.1871	5706824.5358	-377.7402	Hu_fw37
350090.2362	5706752.7262	-368.7463	Hu_fw37
350129.8918	5706692.2010	-367.9287	Hu_fw37
350169.5475	5706631.6758	-367.1111	Hu_fw37
350218.1649	5706557.4726	-368.7463	Hu_fw37
350244.9305	5706516.6212	-369.6466	Hu_fw37
350278.0118	5706538.8802	-370.3816	Hu_fw37
350319.3286	5706566.6804	-372.5679	Hu_fw37
350341.6921	5706541.0609	-374.0609	Hu_fw37
350396.8039	5706477.9251	-377.7402	Hu_fw37
350441.1113	5706427.1667	-382.6943	Hu_fw37
350467.6737	5706392.3152	-385.9164	Hu_fw37
350537.2661	5706301.0061	-419.6357	Hu_fw37
350538.5043	5706299.2934	-420.2564	Hu_fw37
350579.2225	5706242.9733	-443.1497	Hu_fw37
350584.4919	5706235.6848	-434.1559	Hu_fw37
350588.8032	5706229.7215	-428.4326	Hu_fw37
350592.1565	5706225.0834	-428.4326	Hu_fw37
350599.8211	5706214.4819	-439.0616	Hu_fw37
350616.5874	5706191.2913	-457.8669	Hu_fw37
350640.0602	5706158.8244	-482.3954	Hu_fw37
350671.1976	5706115.7561	-505.2888	Hu_fw37
350679.3412	5706104.4921	-511.0121	Hu_fw37
350685.5687	5706095.8784	-511.8297	Hu_fw37
350697.0123	5706080.0500	-508.7220	Hu_fw37
350675.5545	5706109.7298	-485.8705	Hu_fw29
350685.6688	5706095.7400	-487.0986	Hu_fw29
350689.1541	5706090.9192	-487.0986	Hu_fw29
350693.4595	5706084.9641	-483.2494	Hu_fw29
350697.9700	5706078.7254	-465.7530	Hu_fw29
350700.0202	5706075.8896	-452.4558	Hu_fw29
350701.2503	5706074.1881	-444.0575	Hu_fw29
350703.7105	5706070.7852	-442.6578	Hu_fw29
350708.2210	5706064.5465	-442.6578	Hu_fw29
350719.2920	5706049.2334	-453.8555	Hu_fw29
350731.5932	5706032.2187	-467.1527	Hu_fw29
350750.2500	5706006.4132	-482.8994	Hu_fw29
350766.0365	5705984.5778	-491.6476	Hu_fw29
350772.5972	5705975.5033	-490.2479	Hu_fw29
350774.4423	5705972.9512	-481.4997	Hu_fw29
350776.4925	5705970.1154	-465.7530	Hu_fw29
350777.1076	5705969.2647	-441.2581	Hu_fw29
350777.5334	5705968.6756	-431.0506	Hu_fw29
350965.7395	5705708.3548	-558.3028	Ka_fw29
350898.9063	5705800.7965	-524.4800	Ka_fw29
350837.5571	5705885.6528	-493.9008	Ka_fw29
350820.4067	5705909.3747	-486.7207	Ka_fw29
350815.1862	5705916.5954	-498.4153	Ka_fw29
350814.8600	5705917.0467	-524.5891	Ka_fw29
350814.6690	5705917.3108	-540.6755	Ka_fw29
350814.6417	5705917.3487	-588.1837	Ka_fw29
350749.8222	5706007.0050	-410.5628	Ka_hw29
350776.5200	5705970.0774	-411.2124	Ka_hw29
350785.3393	5705957.8788	-412.5808	Ka_hw29
350799.3699	5705938.4721	-394.7913	Ka_hw29
350804.1804	5705931.8183	-385.8965	Ka_hw29
350810.9953	5705922.3922	-387.9491	Ka_hw29
350820.6164	5705909.0847	-400.2650	Ka_hw29
350830.2374	5705895.7772	-407.1071	Ka_hw29
350842.6645	5705878.5883	-408.4756	Ka_hw29
350853.0873	5705864.1719	-404.3703	Ka_hw29
350868.7214	5705842.5472	-387.2649	Ka_hw29
350885.9591	5705818.7046	-365.3701	Ka_hw29
350893.5757	5705808.1695	-353.7385	Ka_hw29
350899.1880	5705800.4068	-351.0016	Ka_hw29
350902.3950	5705795.9710	-355.1069	Ka_hw29
350909.2099	5705786.5448	-373.5807	Ka_hw29
350924.0423	5705766.0291	-391.3702	Ka_hw29
350934.4651	5705751.6126	-402.3176	Ka_hw29
350942.8834	5705739.9686	-404.3703	Ka_hw29
350949.6983	5705730.5424	-403.0018	Ka_hw29
350954.0944	5705724.4619	-396.9595	Ka_hw29
350847.1756	5705872.3488	-610.5468	ER_fw29
350848.2879	5705870.8102	-573.0897	ER_fw29
350851.3543	5705866.5688	-558.6971	ER_fw29
350862.0867	5705851.7242	-562.6223	ER_fw29
350895.8169	5705805.0696	-586.1740	ER_fw29
350934.9133	5705750.9926	-603.1835	ER_fw29
350967.4127	5705706.0405	-619.3413	ER_fw29
350989.7228	5705675.1818	-627.7411	ER_fw29
351005.4711	5705653.3992	-631.6610	ER_fw29
351015.9700	5705638.8775	-631.6610	ER_fw29
351023.8442	5705627.9862	-626.6211	ER_fw29
351027.1251	5705623.4481	-624.3812	ER_fw29
351027.1251	5705623.4481	-619.9013	ER_fw29
351027.1251	5705623.4481	-614.8497	ER_fw29
350828.0002	5705898.8715	-459.7628	Er_hw29
350849.7150	5705868.8363	-460.9723	Er_hw29
350863.8859	5705849.2356	-445.3220	Er_hw29
350878.8903	5705828.4819	-427.5376	Er_hw29
350885.1422	5705819.8345	-423.2693	Er_hw29
350893.4780	5705808.3047	-426.8262	Er_hw29
350916.8183	5705776.0211	-446.0334	Er_hw29
350940.9921	5705742.5846	-458.1268	Er_hw29
350978.5033	5705690.7003	-460.2609	Er_hw29
350996.0085	5705666.4877	-448.8789	Er_hw29
351007.2618	5705650.9224	-437.4969	Er_hw29
351013.5137	5705642.2750	-429.6717	Er_hw29
351019.7161	5705633.6961	-415.2894	Er_hw29
351092.6227	5705532.8539	-435.6724	Pr_hw30
351116.2862	5705500.1232	-366.9699	Pr_hw30
351158.3377	5705441.9589	-290.5660	Pr_hw30
351198.3544	5705386.6090	-231.5267	Pr_hw30
351250.5795	5705314.3728	-162.0687	Pr_hw30
351310.2654	5705231.8171	-115.7634	Pr_hw30
351363.8471	5705157.7045	-86.8225	Pr_hw30
351408.6116	5705095.7877	-66.5639	Pr_hw30
351453.3760	5705033.8710	-46.3053	Pr_hw30
351503.2273	5704964.9182	-27.2044	Pr_hw30
351553.0786	5704895.9654	-8.1034	Pr_hw30
351614.7281	5704791.3442	26.6256	Pr_hw30
351658.9531	5704712.6205	48.6206	Pr_hw30
351665.7570	5704700.5092	52.0935	Pr_hw30
351669.1589	5704694.4536	55.5664	Pr_hw30
351671.4269	5704690.4164	59.0393	Pr_hw30
351673.6766	5704686.4117	66.6950	Pr_hw30
351829.6353	5704383.8344	-558.9356	Mg_hw29
351854.2772	5704335.7618	-517.9728	Mg_hw29
351906.1738	5704234.5190	-453.9088	Mg_hw29
351927.3355	5704193.2356	-446.1769	Mg_hw29
351957.0627	5704135.2421	-436.2360	Mg_hw29
351965.4296	5704118.9195	-432.7476	Mg_hw29
352038.3488	5703974.5946	-401.9948	Mg_hw29
352071.7216	5703908.5417	-377.6947	Mg_hw29
352100.6115	5703851.3615	-332.4080	Mg_hw29
352133.9843	5703785.3085	-259.5076	Mg_hw29
352171.6740	5703710.7112	-164.3446	Mg_hw29
352183.3652	5703685.2888	-132.4841	Mg_hw29
352207.3629	5703633.1056	-64.0018	Mg_hw29
352223.0373	5703599.0216	-19.8197	Mg_hw29
349619.4051	5707638.6168	-790.5638	Di_fw29
349607.7470	5707631.4182	-785.9966	Di_fw29
349550.7243	5707596.2077	-776.7981	Di_fw29
349597.9961	5707516.4610	-764.0739	Di_fw29
349679.4414	5707379.0640	-749.9808	Di_fw29
349682.7143	5707373.5428	-749.3896	Di_fw29
349744.5293	5707279.4391	-739.0194	Di_fw29
349857.1531	5707107.9873	-721.7945	Di_fw29
349942.2656	5706978.4168	-703.0036	Di_fw29
349981.0123	5706919.4312	-689.6669	Di_fw29
350051.3237	5706812.1170	-665.4218	Di_fw29
350130.2759	5706691.6148	-656.0264	Di_fw29
350233.2571	5706534.4379	-659.1582	Di_fw29
350244.9305	5706516.6212	-659.9471	Di_fw29
350297.4144	5706551.9353	-662.2900	Di_fw29
350319.3286	5706566.6804	-665.1404	Di_fw29
350441.1113	5706427.1667	-685.1248	Di_fw29
350444.7838	5706422.3482	-685.7786	Di_fw29
350469.4632	5706389.9674	-698.3059	Di_fw29
350537.2661	5706301.0061	-742.2934	Di_fw29
350553.3849	5706278.7110	-753.1126	Di_fw29
350638.7080	5706160.6947	-809.4852	Di_fw29
350712.1042	5706059.1753	-836.1056	Di_fw29
350778.1608	5705967.8079	-840.8033	Di_fw29
350935.0452	5705750.8101	-804.7875	Di_fw29
351005.6891	5705653.0977	-796.9580	Di_fw29
351091.9297	5705533.8124	-811.0511	Di_fw29
351239.6396	5705329.5046	-839.2374	Di_fw29
351282.7598	5705269.8620	-840.8033	Di_fw29
351288.2646	5705262.2480	-832.9738	Di_fw29
351313.9532	5705226.7162	-720.2286	Di_fw29
351327.9630	5705207.3384	-656.6989	Di_fw29
349617.6014	5707637.5031	-873.2359	So_fw29
349566.2608	5707605.8012	-856.1989	So_fw29
349550.7243	5707596.2077	-853.3679	So_fw29
349612.9816	5707491.1806	-834.4388	So_fw29
349681.2212	5707376.0615	-819.2067	So_fw29
349682.7143	5707373.5428	-818.9405	So_fw29
349805.9514	5707185.9337	-798.5346	So_fw29
349900.3316	5707042.2547	-788.7426	So_fw29
349961.2607	5706949.4999	-772.4225	So_fw29
349981.0123	5706919.4312	-765.2273	So_fw29
350038.8111	5706831.2147	-744.1343	So_fw29
350101.4193	5706735.6578	-731.0783	So_fw29
350164.0274	5706640.1009	-723.4622	So_fw29
350244.9305	5706516.6212	-726.2130	So_fw29
350267.7845	5706531.9986	-726.7263	So_fw29
350319.3286	5706566.6804	-731.1957	So_fw29
350377.9263	5706499.5511	-737.6063	So_fw29
350425.1484	5706445.4538	-744.1343	So_fw29
350441.1113	5706427.1667	-752.9293	So_fw29
350471.9038	5706386.7652	-771.3345	So_fw29
350537.2661	5706301.0061	-812.0242	So_fw29
350575.4457	5706248.1971	-836.6148	So_fw29
350653.8526	5706139.7471	-879.0470	So_fw29
350706.7613	5706066.5654	-895.3671	So_fw29
350780.7060	5705964.2874	-900.8071	So_fw29
350869.3122	5705841.7301	-888.8390	So_fw29
350920.3085	5705771.1935	-875.7830	So_fw29
350975.1296	5705695.3667	-863.8149	So_fw29
351026.7634	5705623.9484	-863.8149	So_fw29
351099.4332	5705523.4338	-875.7830	So_fw29
351196.3262	5705389.4143	-894.2791	So_fw29
351268.3585	5705289.7814	-902.9831	So_fw29
351298.3189	5705248.3412	-899.7191	So_fw29
351314.2553	5705226.2985	-881.2230	So_fw29
351326.3669	5705209.5461	-845.3188	So_fw29
351351.2276	5705175.1595	-710.4062	So_fw29
351364.2177	5705157.1920	-645.0003	So_fw29
349611.7650	5707633.8992	-1140.7541	Gi5_fw29
349577.8858	5707612.9794	-1127.9825	Gi5_fw29
349550.7243	5707596.2077	-1117.5891	Gi5_fw29
349550.7243	5707596.2077	-1117.5891	Gi5_fw29
349562.5217	5707576.3057	-1110.0565	Gi5_fw29
349682.7143	5707373.5428	-1071.9383	Gi5_fw29
349682.7143	5707373.5428	-1071.9383	Gi5_fw29
349706.8536	5707336.7944	-1064.8279	Gi5_fw29
349915.6623	5707018.9162	-1032.0155	Gi5_fw29
349974.6201	5706929.1623	-1018.5923	Gi5_fw29
349981.0123	5706919.4312	-1016.7016	Gi5_fw29
349981.0123	5706919.4312	-1016.7016	Gi5_fw29
350070.2655	5706783.2068	-990.2543	Gi5_fw29
350244.9305	5706516.6212	-960.4809	Gi5_fw29
350244.9305	5706516.6212	-960.4809	Gi5_fw29
350257.1769	5706524.8613	-959.1020	Gi5_fw29
350319.3286	5706566.6804	-964.5833	Gi5_fw29
350319.3286	5706566.6804	-964.5833	Gi5_fw29
350379.1905	5706498.1029	-971.2439	Gi5_fw29
350441.1113	5706427.1667	-1004.7804	Gi5_fw29
350441.1113	5706427.1667	-1004.7804	Gi5_fw29
350473.5823	5706384.5629	-1023.8591	Gi5_fw29
350537.2661	5706301.0061	-1059.2061	Gi5_fw29
350537.2661	5706301.0061	-1059.2061	Gi5_fw29
350602.5772	5706210.6697	-1096.7110	Gi5_fw29
350712.8426	5706058.1540	-1133.1369	Gi5_fw29
350783.9815	5705959.7568	-1133.1369	Gi5_fw29
350939.3015	5705744.9230	-1104.8056	Gi5_fw29
350996.2127	5705666.2052	-1090.6400	Gi5_fw29
351080.3937	5705549.7686	-1108.8530	Gi5_fw29
351214.3720	5705364.4539	-1133.1369	Gi5_fw29
351354.2786	5705170.9394	-1153.3735	Gi5_fw29
351401.7046	5705105.3413	-1141.2316	Gi5_fw29
351413.5610	5705088.9418	-1102.7820	Gi5_fw29
351440.8310	5705051.2228	-987.4332	Gi5_fw29
351477.5861	5705000.3843	-785.0670	Gi5_fw29
351494.1852	5704977.4250	-687.9312	Gi5_fw29
351510.6228	5704954.6889	-652.1499	Gi5_fw29
351538.4607	5704916.1845	-616.1548	Gi5_fw29
351565.9770	5704878.1247	-596.4771	Gi5_fw29
351565.9770	5704878.1247	-596.4771	Gi5_fw29
351576.1513	5704860.0138	-587.7734	Gi5_fw29
349620.5297	5707639.3112	-739.0165	Pr_fw29
349568.6194	5707607.2576	-725.3868	Pr_fw29
349604.5440	5707505.4147	-707.1305	Pr_fw29
349639.6088	5707446.2609	-698.6108	Pr_fw29
349674.6737	5707387.1070	-690.0912	Pr_fw29
349729.5189	5707302.2901	-684.0057	Pr_fw29
349768.6095	5707242.7809	-678.5288	Pr_fw29
349807.7001	5707183.2716	-673.0519	Pr_fw29
349853.1387	5707114.0985	-665.1408	Pr_fw29
349898.5773	5707044.9254	-657.2297	Pr_fw29
349968.0717	5706939.1312	-632.8878	Pr_fw29
350030.7942	5706843.4506	-615.8486	Pr_fw29
350081.4872	5706766.0795	-606.1118	Pr_fw29
350150.8565	5706660.2033	-603.6776	Pr_fw29
350220.2258	5706554.3271	-601.2434	Pr_fw29
350270.6420	5706533.9213	-600.0264	Pr_fw29
350330.7622	5706553.5822	-598.8093	Pr_fw29
350402.7958	5706471.0608	-604.8947	Pr_fw29
350457.4366	5706405.7469	-620.7169	Pr_fw29
350498.0138	5706352.5073	-643.8417	Pr_fw29
350552.8084	5706279.5084	-682.7886	Pr_fw29
350592.0281	5706225.2609	-708.3475	Pr_fw29
350653.3535	5706140.4376	-746.0774	Pr_fw29
350696.8517	5706080.2722	-764.3338	Pr_fw29
350753.8985	5706001.3668	-767.9851	Pr_fw29
350802.7448	5705933.8040	-761.2910	Pr_fw29
350851.5911	5705866.2413	-754.5970	Pr_fw29
350903.6464	5705794.2401	-743.6432	Pr_fw29
350955.7016	5705722.2389	-732.6894	Pr_fw29
351015.6007	5705639.3882	-726.6039	Pr_fw29
351082.6308	5705546.6744	-738.7748	Pr_fw29
351121.8504	5705492.4269	-745.4689	Pr_fw29
351161.0701	5705438.1794	-752.1629	Pr_fw29
351210.9861	5705369.1372	-766.7680	Pr_fw29
351240.9357	5705327.7119	-775.2876	Pr_fw29
351250.9189	5705313.9034	-771.6363	Pr_fw29
351264.4675	5705295.1634	-738.7748	Pr_fw29
351272.3114	5705284.3139	-692.5253	Pr_fw29
351279.1675	5705274.8308	-672.9304	Pr_fw29
349607.6103	5707631.3338	-1331.1853	Fi_fw29
349605.7329	5707630.1745	-1329.6643	Fi_fw29
349550.7243	5707596.2077	-1296.6206	Fi_fw29
349550.7243	5707596.2077	-1296.6206	Fi_fw29
349554.2129	5707590.3224	-1293.1238	Fi_fw29
349614.1613	5707489.1904	-1264.5270	Fi_fw29
349682.7143	5707373.5428	-1246.1944	Fi_fw29
349682.7143	5707373.5428	-1246.1944	Fi_fw29
349704.8507	5707339.8436	-1240.6963	Fi_fw29
349766.7801	5707245.5658	-1221.6317	Fi_fw29
349893.2557	5707053.0267	-1202.5671	Fi_fw29
349981.0123	5706919.4312	-1181.5355	Fi_fw29
349981.0123	5706919.4312	-1181.5355	Fi_fw29
350025.7563	5706851.1398	-1170.7929	Fi_fw29
350116.3066	5706712.9357	-1150.1396	Fi_fw29
350169.4179	5706631.8737	-1140.6073	Fi_fw29
350244.9305	5706516.6212	-1135.0401	Fi_fw29
350244.9305	5706516.6212	-1135.0401	Fi_fw29
350261.1054	5706527.5045	-1134.2524	Fi_fw29
350319.3286	5706566.6804	-1143.1355	Fi_fw29
350319.3286	5706566.6804	-1143.1355	Fi_fw29
350355.7157	5706524.9955	-1150.1396	Fi_fw29
350441.1113	5706427.1667	-1193.0388	Fi_fw29
350441.1113	5706427.1667	-1193.0388	Fi_fw29
350470.2554	5706388.9280	-1208.9220	Fi_fw29
350537.2661	5706301.0061	-1242.2948	Fi_fw29
350537.2661	5706301.0061	-1242.2948	Fi_fw29
350571.1637	5706254.1199	-1259.7609	Fi_fw29
350636.3209	5706163.9965	-1293.1238	Fi_fw29
350745.2263	5706013.3618	-1305.8336	Fi_fw29
350825.2765	5705902.6389	-1305.8336	Fi_fw29
350931.3895	5705755.8666	-1274.0593	Fi_fw29
350999.3391	5705661.8809	-1256.5834	Fi_fw29
351031.9176	5705616.8192	-1261.3496	Fi_fw29
351110.1062	5705508.6712	-1272.4706	Fi_fw29
351210.6343	5705369.6238	-1285.1803	Fi_fw29
351380.0428	5705135.3032	-1302.6561	Fi_fw29
351458.2313	5705027.1552	-1299.4787	Fi_fw29
351476.8476	5705001.4057	-1280.4141	Fi_fw29
351501.9797	5704966.6438	-1158.0831	Fi_fw29
351548.5205	5704902.2700	-876.8807	Fi_fw29
351565.2751	5704879.0955	-770.4369	Fi_fw29
351565.9770	5704878.1247	-768.5402	Fi_fw29
351565.9770	5704878.1247	-768.5402	Fi_fw29
351574.7277	5704862.5477	-740.2513	Fi_fw29
351591.8464	5704832.0753	-716.4206	Fi_fw29
351655.6525	5704718.4960	-678.2915	Fi_fw29
351683.4865	5704668.9494	-657.4403	Fi_fw29
351683.4865	5704668.9494	-657.4403	Fi_fw29
351758.2973	5704523.0045	-597.2670	Fi_fw29
351802.7295	5704436.3238	-563.0090	Fi_fw29
349602.9329	5707628.4455	-1545.5807	Mg_fw29
349550.7243	5707596.2077	-1505.3448	Mg_fw29
349550.7243	5707596.2077	-1505.3448	Mg_fw29
349563.9713	5707573.8601	-1488.3095	Mg_fw29
349609.8683	5707496.4328	-1448.7936	Mg_fw29
349682.7143	5707373.5428	-1427.6294	Mg_fw29
349682.7143	5707373.5428	-1427.6294	Mg_fw29
349734.4530	5707294.7788	-1413.6683	Mg_fw29
349922.4786	5707008.5394	-1369.7617	Mg_fw29
349981.0123	5706919.4312	-1358.6850	Mg_fw29
349981.0123	5706919.4312	-1358.6850	Mg_fw29
350107.8651	5706725.8198	-1334.6365	Mg_fw29
350201.7088	5706582.5891	-1310.4879	Mg_fw29
350244.9305	5706516.6212	-1315.5760	Mg_fw29
350244.9305	5706516.6212	-1315.5760	Mg_fw29
350292.4244	5706548.5777	-1319.2692	Mg_fw29
350319.3286	5706566.6804	-1326.1800	Mg_fw29
350319.3286	5706566.6804	-1326.1800	Mg_fw29
350386.0680	5706490.2241	-1347.8085	Mg_fw29
350441.1113	5706427.1667	-1376.3432	Mg_fw29
350441.1113	5706427.1667	-1376.3432	Mg_fw29
350507.4794	5706340.0880	-1413.6683	Mg_fw29
350537.2661	5706301.0061	-1428.2024	Mg_fw29
350537.2661	5706301.0061	-1428.2024	Mg_fw29
350599.7980	5706214.5138	-1459.7702	Mg_fw29
350689.8339	5706089.9789	-1483.9189	Mg_fw29
350809.4531	5705924.5254	-1470.7469	Mg_fw29
350929.0722	5705759.0719	-1446.5983	Mg_fw29
350993.3835	5705670.1184	-1424.6450	Mg_fw29
351016.5356	5705638.0951	-1415.8637	Mg_fw29
351070.5572	5705563.3742	-1429.0356	Mg_fw29
351269.9224	5705287.6183	-1450.9889	Mg_fw29
351528.4541	5704930.0253	-1450.9889	Mg_fw29
351547.7475	5704903.3392	-1440.0123	Mg_fw29
351565.9770	5704878.1247	-1345.3172	Mg_fw29
351565.9770	5704878.1247	-1345.3172	Mg_fw29
351575.4682	5704861.2297	-1286.3392	Mg_fw29
351612.0261	5704796.1541	-1038.2670	Mg_fw29
351633.5307	5704757.8744	-895.5706	Mg_fw29
351647.5087	5704732.9925	-853.8594	Mg_fw29
351683.4865	5704668.9494	-829.3737	Mg_fw29
351683.4865	5704668.9494	-829.3737	Mg_fw29
351692.0381	5704652.2666	-823.1248	Mg_fw29
351796.1855	5704449.0901	-733.1163	Mg_fw29
351868.2876	5704308.4294	-660.6704	Mg_fw29
351918.3585	5704210.7484	-605.7872	Mg_fw29
351959.4167	5704130.6500	-592.6152	Mg_fw29
351965.4296	5704118.9195	-596.2102	Mg_fw29
351965.4296	5704118.9195	-596.2102	Mg_fw29
352013.9348	5704022.9159	-625.5452	Mg_fw29
352070.3643	5703911.2281	-636.5218	Mg_fw29
352114.9139	5703823.0535	-623.3498	Mg_fw29
352127.7838	5703797.5808	-610.1778	Mg_fw29
352147.4545	5703758.6476	-583.3682	Mg_fw29
352155.0001	5703743.7130	-563.3182	Mg_fw29
349599.5798	5707626.3751	-1699.2706	Sb_fw29
349550.7243	5707596.2077	-1658.9552	Sb_fw29
349550.7243	5707596.2077	-1658.9552	Sb_fw29
349564.5942	5707572.8093	-1639.8571	Sb_fw29
349595.4338	5707520.7835	-1602.6390	Sb_fw29
349626.8664	5707467.7572	-1580.5407	Sb_fw29
349682.7143	5707373.5428	-1559.1703	Sb_fw29
349682.7143	5707373.5428	-1559.1703	Sb_fw29
349701.1252	5707345.5150	-1552.6271	Sb_fw29
349788.6070	5707212.3378	-1531.6920	Sb_fw29
349832.0286	5707146.2353	-1522.3874	Sb_fw29
349880.5586	5707072.3560	-1511.9198	Sb_fw29
349981.0123	5706919.4312	-1494.0438	Sb_fw29
349981.0123	5706919.4312	-1494.0438	Sb_fw29
349991.6478	5706903.1986	-1492.1477	Sb_fw29
350082.7966	5706764.0810	-1468.8864	Sb_fw29
350171.3958	5706628.8549	-1446.7882	Sb_fw29
350207.0904	5706574.3753	-1440.9728	Sb_fw29
350244.9305	5706516.6212	-1446.6590	Sb_fw29
350244.9305	5706516.6212	-1446.6590	Sb_fw29
350269.6665	5706533.2649	-1449.1143	Sb_fw29
350319.3286	5706566.6804	-1464.4064	Sb_fw29
350319.3286	5706566.6804	-1464.4064	Sb_fw29
350384.7494	5706491.7346	-1489.8216	Sb_fw29
350441.1113	5706427.1667	-1520.0001	Sb_fw29
350441.1113	5706427.1667	-1520.0001	Sb_fw29
350489.2707	5706363.9787	-1547.9749	Sb_fw29
350537.2661	5706301.0061	-1566.4784	Sb_fw29
350537.2661	5706301.0061	-1566.4784	Sb_fw29
350616.2599	5706191.7443	-1597.9867	Sb_fw29
350706.2088	5706067.3296	-1615.4327	Sb_fw29
350822.0522	5705907.0986	-1607.2912	Sb_fw29
350927.6741	5705761.0057	-1584.0299	Sb_fw29
350999.9058	5705661.0969	-1554.9533	Sb_fw29
351026.4817	5705624.3381	-1553.7902	Sb_fw29
351130.0593	5705481.0727	-1563.0947	Sb_fw29
351209.7868	5705370.7961	-1574.7254	Sb_fw29
351487.8109	5704986.2417	-1592.1714	Sb_fw29
351565.9770	5704878.1247	-1585.6602	Sb_fw29
351565.9770	5704878.1247	-1585.6602	Sb_fw29
351572.3659	5704866.7519	-1585.0235	Sb_fw29
351594.1448	5704827.9841	-1571.9452	Sb_fw29
351606.9558	5704805.1795	-1545.7884	Sb_fw29
351640.2646	5704745.8875	-1318.2250	Sb_fw29
351683.4865	5704668.9494	-1046.4232	Sb_fw29
351683.4865	5704668.9494	-1046.4232	Sb_fw29
351687.9753	5704660.1925	-1016.1149	Sb_fw29
351700.5035	5704635.7518	-970.3406	Sb_fw29
351722.5769	5704592.6897	-938.9526	Sb_fw29
351801.9221	5704437.8988	-872.2529	Sb_fw29
351888.4263	5704269.1418	-793.7828	Sb_fw29
351946.8912	5704155.0854	-741.4693	Sb_fw29
351965.4296	5704118.9195	-742.1700	Sb_fw29
351965.4296	5704118.9195	-742.1700	Sb_fw29
351981.3096	5704087.4893	-742.7772	Sb_fw29
352021.4141	5704008.1125	-757.1634	Sb_fw29
352051.4925	5703948.5799	-763.7025	Sb_fw29
352102.8028	5703847.0243	-758.4712	Sb_fw29
352142.9074	5703767.6475	-742.7772	Sb_fw29
352171.6740	5703710.7112	-721.1706	Sb_fw29
352171.6740	5703710.7112	-721.1706	Sb_fw29
352178.9001	5703694.9981	-715.3126	Sb_fw29
352196.3858	5703656.9752	-664.3070	Sb_fw29
352212.7307	5703621.4332	-606.9920	Sb_fw29
352223.0373	5703599.0216	-553.4289	Sb_fw29
352241.6961	5703558.4477	-445.8345	Sb_fw29
349595.8041	5707624.0436	-1872.3358	Hf
349590.6839	5707620.8820	-1868.1106	Hf
349550.7243	5707596.2077	-1839.2099	Hf
349550.7243	5707596.2077	-1839.2099	Hf
349557.6162	5707584.5812	-1830.8925	Hf
349589.0488	5707531.5549	-1808.7943	Hf
349644.8967	5707437.3404	-1787.4239	Hf
349661.9961	5707408.4939	-1780.8807	Hf
349682.7143	5707373.5428	-1775.5424	Hf
349682.7143	5707373.5428	-1775.5424	Hf
349747.8890	5707274.3246	-1759.9455	Hf
349791.3106	5707208.2220	-1750.6410	Hf
349839.8406	5707134.3427	-1740.1734	Hf
349940.2943	5706981.4179	-1722.2973	Hf
349950.9489	5706965.1979	-1720.4013	Hf
349981.0123	5706919.4312	-1712.7429	Hf
349981.0123	5706919.4312	-1712.7429	Hf
350042.1518	5706826.1158	-1697.1400	Hf
350130.7510	5706690.8897	-1675.0417	Hf
350166.4457	5706636.4100	-1669.2264	Hf
350204.2857	5706578.6559	-1674.9126	Hf
350220.6250	5706553.7178	-1677.3679	Hf
350244.9305	5706516.6212	-1688.6981	Hf
350244.9305	5706516.6212	-1688.6981	Hf
350257.7967	5706525.2783	-1692.6599	Hf
350319.3286	5706566.6804	-1711.6070	Hf
350319.3286	5706566.6804	-1711.6070	Hf
350335.9783	5706547.6066	-1718.0752	Hf
350392.3402	5706483.0387	-1748.2537	Hf
350441.1113	5706427.1667	-1774.3678	Hf
350441.1113	5706427.1667	-1774.3678	Hf
350444.3145	5706422.9639	-1776.2284	Hf
350492.3099	5706359.9912	-1794.7319	Hf
350537.2661	5706301.0061	-1812.0637	Hf
350537.2661	5706301.0061	-1812.0637	Hf
350572.8077	5706251.8460	-1826.2403	Hf
350662.7566	5706127.4314	-1843.6863	Hf
350778.6000	5705967.2004	-1835.5448	Hf
350884.2219	5705821.1074	-1812.2835	Hf
350956.4537	5705721.1987	-1783.2068	Hf
350983.0295	5705684.4398	-1782.0438	Hf
351086.6071	5705541.1744	-1791.3483	Hf
351166.3346	5705430.8978	-1802.9790	Hf
351404.6938	5705101.2066	-1827.9471	Hf
351511.5068	5704953.4662	-1825.1970	Hf
351561.0179	5704884.9840	-1809.5160	Hf
351622.6386	5704777.2630	-1743.5047	Hf
351661.3217	5704708.4043	-1676.9338	Hf
351683.4865	5704668.9494	-1584.5836	Hf
351683.4865	5704668.9494	-1584.5836	Hf
351685.2980	5704665.4155	-1576.4796	Hf
351724.4045	5704589.1244	-1313.0164	Hf
351753.0190	5704533.3016	-1126.9193	Hf
351758.0685	5704523.4508	-1107.9758	Hf
351768.9445	5704502.2334	-1087.8979	Hf
351810.1585	5704421.8308	-1055.2714	Hf
351904.0350	5704238.6915	-969.9405	Hf
351953.2629	5704142.6550	-927.2751	Hf
351965.4296	5704118.9195	-924.6079	Hf
351965.4296	5704118.9195	-924.6079	Hf
351976.0372	5704097.9246	-922.2556	Hf
352041.6800	5703968.0014	-933.5494	Hf
352089.7803	5703872.7991	-934.8043	Hf
352157.1207	5703739.5158	-910.9619	Hf
352171.6740	5703710.7112	-898.4832	Hf
352171.6740	5703710.7112	-898.4832	Hf
352197.5126	5703654.5251	-874.5707	Hf
352223.0373	5703599.0216	-842.0753	Hf
352223.0373	5703599.0216	-842.0753	Hf
352277.9702	5703479.5695	-733.7901	Hf
352303.9337	5703423.1118	-610.7674	Hf
352344.6203	5703334.6383	-338.2955	Hf
352384.1627	5703248.6532	-56.3416	Hf
351212.4943	5705367.0512	58.6718	Hu_hw29
351187.9281	5705401.0303	35.4775	Hu_hw29
351158.3969	5705441.8770	9.0177	Hu_hw29
351154.8595	5705446.7698	4.8378	Hu_hw29
351134.0735	5705475.5203	-18.5450	Hu_hw29
351093.9188	5705531.0611	-81.4369	Hu_hw29
351058.6817	5705579.7999	-141.1452	Hu_hw29
351003.9565	5705655.4942	-230.3988	Hu_hw29
350985.0630	5705681.6271	-255.9742	Hu_hw29
350983.6879	5705683.5291	-257.3824	Hu_hw29
350978.0127	5705691.3789	-262.9175	Hu_hw29
350972.7428	5705698.6680	-265.6851	Hu_hw29
350966.2569	5705707.6392	-266.3769	Hu_hw29
350958.9602	5705717.7317	-262.2256	Hu_hw29
350945.9883	5705735.6741	-244.2365	Hu_hw29
350934.2325	5705751.9343	-227.6312	Hu_hw29
350928.5573	5705759.7841	-216.5610	Hu_hw29
350922.4767	5705768.1946	-213.7934	Hu_hw29
350918.3378	5705773.9194	-213.7932	Hu_hw29
350911.6274	5705783.2010	-225.2464	Hu_hw29
350896.7155	5705803.8266	-240.5173	Hu_hw29
350845.4979	5705874.6693	-310.6819	Hu_hw29
350839.4065	5705883.0947	-315.0585	Hu_hw29
350833.3400	5705891.4857	-319.4172	Hu_hw29
350845.4979	5705874.6693	-310.6819	Hu_hw29
350833.3400	5705891.4857	-319.4172	Hu_hw29
350813.9545	5705918.2991	-318.1446	Hu_hw29
350799.0427	5705938.9247	-306.6914	Hu_hw29
350785.6220	5705957.4878	-309.2366	Hu_hw29
350766.2365	5705984.3012	-334.6881	Hu_hw29
350746.8511	5706011.1146	-349.9591	Hu_hw29
350728.2112	5706036.8966	-348.6865	Hu_hw29
350712.5537	5706058.5536	-341.0510	Hu_hw29
350698.4365	5706078.0800	-339.7124	Hu_hw29
349599.9144	5707626.5816	-344.7957	La_fw29
349550.7243	5707596.2077	-337.6682	La_fw29
349682.7143	5707373.5428	-305.7557	La_fw29
349728.2106	5707304.2817	-295.5392	La_fw29
349801.8280	5707192.2109	-281.8568	La_fw29
349888.9669	5707059.5557	-246.2826	La_fw29
349981.0123	5706919.4312	-204.4741	La_fw29
349981.0123	5706919.4312	-204.4741	La_fw29
350023.6496	5706854.3551	-200.1594	La_fw29
350081.9251	5706765.4112	-185.1474	La_fw29
350132.9402	5706687.5484	-176.2131	La_fw29
350201.4386	5706583.0015	-173.7543	La_fw29
350244.9305	5706516.6212	-172.1932	La_fw29
350244.9305	5706516.6212	-172.1932	La_fw29
350282.7877	5706542.0936	-171.2955	La_fw29
350319.3286	5706566.6804	-170.3967	La_fw29
350319.3286	5706566.6804	-170.3967	La_fw29
350369.5952	5706509.0953	-168.8368	La_fw29
350397.6219	5706476.9880	-171.2955	La_fw29
350417.6679	5706454.0234	-171.9176	La_fw29
350441.1113	5706427.1667	-173.4907	La_fw29
350441.1113	5706427.1667	-173.4907	La_fw29
350449.4045	5706416.2856	-174.0944	La_fw29
350477.1472	5706379.8855	-177.6840	La_fw29
350497.8183	5706352.7639	-192.9397	La_fw29
350517.4014	5706327.0697	-197.4267	La_fw29
350533.1767	5706306.3716	-194.7345	La_fw29
350534.8086	5706304.2304	-184.8632	La_fw29
350534.8086	5706304.2304	-169.6075	La_fw29
350534.8086	5706304.2304	-163.3257	La_fw29
350537.2661	5706301.0061	-162.8189	La_fw29
350537.2661	5706301.0061	-162.8189	La_fw29
350539.0970	5706298.4735	-162.4283	La_fw29
350550.6641	5706282.4743	-167.8127	La_fw29
350560.1281	5706269.3840	-177.6840	La_fw29
350567.4890	5706259.2027	-180.3762	La_fw29
350570.6436	5706254.8393	-180.3762	La_fw29
350575.4939	5706248.1305	-175.9631	La_fw29
349606.8995	5707630.8948	-402.2616	Gu_fw37
349550.7243	5707596.2077	-392.8300	Gu_fw37
349575.6645	5707554.1339	-385.8428	Gu_fw37
349674.7363	5707387.0015	-366.6875	Gu_fw37
349682.7143	5707373.5428	-365.7195	Gu_fw37
349766.4177	5707246.1175	-356.2865	Gu_fw37
349806.8600	5707184.5505	-350.7618	Gu_fw37
349832.0943	5707146.1353	-345.1174	Gu_fw37
349858.6572	5707105.6974	-339.4780	Gu_fw37
349909.6942	5707028.0017	-321.2337	Gu_fw37
349965.0347	5706943.7545	-301.4509	Gu_fw37
349981.0123	5706919.4312	-293.8177	Gu_fw37
349981.0123	5706919.4312	-293.8177	Gu_fw37
350028.0485	5706847.6413	-271.3058	Gu_fw37
350069.3501	5706784.6039	-258.1174	Gu_fw37
350112.7169	5706718.4146	-256.2333	Gu_fw37
350135.4328	5706683.7440	-254.3492	Gu_fw37
350208.7432	5706571.8526	-254.3492	Gu_fw37
350244.9305	5706516.6212	-254.3492	Gu_fw37
350244.9305	5706516.6212	-254.3492	Gu_fw37
350301.1311	5706554.4361	-254.3492	Gu_fw37
350319.3286	5706566.6804	-255.4485	Gu_fw37
350319.3286	5706566.6804	-255.4485	Gu_fw37
350352.0640	5706529.1790	-257.9434	Gu_fw37
350399.2230	5706475.1538	-261.5377	Gu_fw37
350631.0123	5706171.3392	-245.3227	Gufw29
350635.8607	5706164.6330	-265.4419	Gufw29
350640.4843	5706158.2378	-284.0946	Gufw29
350645.5282	5706151.2612	-322.8348	Gufw29
350645.5282	5706151.2612	-341.4875	Gufw29
350640.4843	5706158.2378	-341.4875	Gufw29
350630.8168	5706171.6096	-327.8567	Gufw29
350613.1631	5706196.0276	-305.6169	Gufw29
350594.2485	5706222.1898	-274.0509	Gufw29
350579.1167	5706243.1195	-258.9852	Gufw29
350569.4493	5706256.4913	-261.1375	Gufw29
350563.1444	5706265.2120	-278.3553	Gufw29
350554.3175	5706277.4210	-297.7254	Gufw29
350542.1281	5706294.2811	-297.0080	Gufw29
350537.2661	5706301.0061	-294.7647	Gufw29
350518.7320	5706325.3239	-286.4991	Gufw29
350460.1191	5706402.2274	-261.4304	Gufw29
350441.1113	5706427.1667	-257.1544	Gufw29
350427.1911	5706443.1136	-254.2679	Gufw29
350407.5656	5706465.5965	-254.2679	Gufw29
350371.3178	5706507.1219	-247.3929	Gufw29
351143.1890	5705462.9120	57.7153	Ma_hw29
351111.9817	5705506.0771	13.0821	Ma_hw29
351102.6745	5705518.9504	-2.8033	Ma_hw29
351070.3733	5705563.6286	-49.5251	Ma_hw29
351030.0391	5705619.4175	-115.1654	Ma_hw29
351018.9102	5705634.8106	-134.5588	Ma_hw29
350997.0111	5705665.1009	-168.1984	Ma_hw29
350980.0392	5705688.5758	-196.2315	Ma_hw29
350972.9220	5705698.4202	-195.2971	Ma_hw29
350957.0451	5705720.3806	-183.1494	Ma_hw29
350943.3581	5705739.3120	-162.5918	Ma_hw29
350925.8388	5705763.5442	-155.1163	Ma_hw29
350907.7720	5705788.5337	-160.7230	Ma_hw29
350891.3476	5705811.2513	-179.4117	Ma_hw29
350880.9455	5705825.6392	-203.7070	Ma_hw29
350869.9959	5705840.7843	-224.2646	Ma_hw29
350842.6220	5705878.6472	-255.1010	Ma_hw29
350825.1027	5705902.8793	-256.0354	Ma_hw29
350785.1367	5705958.1591	-249.4944	Ma_hw29
350773.0921	5705974.8187	-248.5599	Ma_hw29
350750.6455	5706005.8662	-285.0029	Ma_hw29
350740.2434	5706020.2541	-294.3473	Ma_hw29
350706.2997	5706067.2040	-287.8062	Ma_hw29
350680.5682	5706102.7950	-277.5274	Ma_hw29
350660.3115	5706130.8135	-270.9864	Ma_hw29
350648.6905	5706146.8873	-269.0029	Ma_hw29
349622.9410	5707640.8001	-628.4928	Er_fw33
349613.7413	5707635.1195	-625.9239	Er_fw33
349550.7243	5707596.2077	-615.8473	Er_fw33
349560.2547	5707580.1300	-613.3044	Er_fw33
349607.5511	5707500.3418	-600.6850	Er_fw33
349652.5952	5707424.3531	-592.4824	Er_fw33
349682.7143	5707373.5428	-586.9976	Er_fw33
349698.7840	5707349.0791	-584.2797	Er_fw33
349756.9825	5707260.4811	-577.3390	Er_fw33
349815.1810	5707171.8830	-570.3984	Er_fw33
349853.9801	5707112.8176	-562.1957	Er_fw33
349892.7791	5707053.7523	-553.9931	Er_fw33
349939.8922	5706982.0300	-540.1117	Er_fw33
349981.0123	5706919.4312	-524.1226	Er_fw33
350001.5180	5706888.1340	-516.1348	Er_fw33
350041.6304	5706826.9117	-497.2056	Er_fw33
350072.7520	5706779.4117	-493.4198	Er_fw33
350143.2945	5706671.7449	-490.8959	Er_fw33
350202.0799	5706582.0226	-492.1579	Er_fw33
350244.9305	5706516.6212	-493.0777	Er_fw33
350269.0542	5706532.8529	-493.4198	Er_fw33
350319.3286	5706566.6804	-494.5149	Er_fw33
350348.3594	5706533.4229	-495.3127	Er_fw33
350417.2385	5706454.5153	-497.2056	Er_fw33
350441.1113	5706427.1667	-503.9283	Er_fw33
350460.4134	5706401.8412	-509.8251	Er_fw33
350487.1869	5706366.7129	-526.2303	Er_fw33
350537.2661	5706301.0061	-558.9134	Er_fw33
350556.1443	5706274.8942	-571.6603	Er_fw33
350616.7721	5706191.0357	-614.5664	Er_fw33
350658.1027	5706133.8686	-643.5719	Er_fw33
350706.6469	5706066.7238	-659.9502	Er_fw33
350748.9819	5706008.1673	-662.8405	Er_fw33
350796.9616	5705941.8032	-657.0599	Er_fw33
350831.9585	5705893.3965	-649.3525	Er_fw33
350864.1332	5705848.8935	-637.7913	Er_fw33
350883.7943	5705821.6988	-633.4530	Er_fw33
349624.1076	5707641.5205	-575.0209	Ka_fw33
349622.6502	5707640.6206	-574.6824	Ka_fw33
349550.7243	5707596.2077	-563.3151	Ka_fw33
349566.2687	5707569.9845	-559.2158	Ka_fw33
349624.9180	5707471.0440	-543.7492	Ka_fw33
349668.8187	5707396.9843	-535.1399	Ka_fw33
349682.7143	5707373.5428	-532.4148	Ka_fw33
349715.0206	5707324.3614	-526.5305	Ka_fw33
349765.2736	5707247.8592	-519.2805	Ka_fw33
349824.8139	5707157.2186	-514.4600	Ka_fw33
349887.6560	5707061.5513	-502.1523	Ka_fw33
349955.2283	5706958.6833	-482.4601	Ka_fw33
349981.0123	5706919.4312	-471.1651	Ka_fw33
350008.5607	5706877.3850	-459.0755	Ka_fw33
350040.2625	5706828.9995	-449.2294	Ka_fw33
350087.4779	5706756.9360	-443.0756	Ka_fw33
350147.0134	5706666.0689	-439.1204	Ka_fw33
350201.5330	5706582.8574	-438.6822	Ka_fw33
350244.9305	5706516.6212	-438.3333	Ka_fw33
350261.7682	5706527.9505	-438.2439	Ka_fw33
350319.3286	5706566.6804	-440.1818	Ka_fw33
350325.2921	5706559.8487	-440.4351	Ka_fw33
350376.8788	5706500.7511	-442.6264	Ka_fw33
350431.0594	5706438.6822	-447.8853	Ka_fw33
350441.1113	5706427.1667	-450.5941	Ka_fw33
350473.8186	5706384.2529	-460.1561	Ka_fw33
350537.2661	5706301.0061	-499.0826	Ka_fw33
350538.0781	5706299.8829	-499.5981	Ka_fw33
350584.8091	5706235.2460	-530.2751	Ka_fw33
350636.4452	5706163.8246	-566.6055	Ka_fw33
350665.1943	5706124.0597	-582.2937	Ka_fw33
350687.1083	5706093.7489	-589.0942	Ka_fw33
350721.4735	5706046.2160	-595.8948	Ka_fw33
350781.7371	5705962.8612	-599.2950	Ka_fw33
350803.6511	5705932.5504	-595.8948	Ka_fw33
350811.1160	5705922.2253	-594.1377	Ka_fw33
350818.6956	5705911.7413	-591.0329	Ka_fw33
351624.9218	5704773.1987	-546.2031	Fi_hw39
351628.4474	5704766.9229	-522.6222	Fi_hw39
351634.1856	5704756.7085	-508.9537	Fi_hw39
351641.1990	5704744.2242	-499.1904	Fi_hw39
351669.5713	5704693.7194	-488.1254	Fi_hw39
351683.4865	5704668.9494	-480.8747	Fi_hw39
351727.5325	5704583.0221	-456.2322	Fi_hw39
351794.3363	5704452.6977	-402.2089	Fi_hw39
351819.8814	5704402.8630	-375.2162	Fi_hw39
351837.2326	5704369.0132	-350.5534	Fi_hw39
351873.4889	5704298.2825	-310.8125	Fi_hw39
351884.7686	5704276.2773	-301.9812	Fi_hw39
351912.1623	5704222.8363	-292.2668	Fi_hw39
351965.4296	5704118.9195	-270.1937	Fi_hw39
351978.0833	5704093.8748	-264.8897	Fi_hw39
352009.5451	5704031.6041	-250.7596	Fi_hw39
352030.0931	5703990.9347	-242.7141	Fi_hw39
352044.0099	5703963.3899	-227.2836	Fi_hw39
352065.3490	5703921.1546	-175.8489	Fi_hw39
352097.3576	5703857.8016	-105.8976	Fi_hw39
352118.2329	5703816.4844	-59.6064	Fi_hw39
352139.5720	5703774.2491	6.2301	Fi_hw39
352151.6332	5703750.3770	40.1770	Fi_hw39
352166.0139	5703721.9140	63.8370	Fi_hw39
352171.6740	5703710.7112	72.4382	Fi_hw39
352177.6122	5703697.7987	82.1775	Fi_hw39
351422.0393	5705077.2149	-522.9326	Gi5_hw30
351419.4777	5705080.7580	-492.0910	Gi5_hw30
351419.4777	5705080.7580	-480.7578	Gi5_hw30
351452.6778	5705034.8367	-458.0916	Gi5_hw30
351541.8435	5704911.5054	-401.4258	Gi5_hw30
351565.9770	5704878.1247	-391.1199	Gi5_hw30
351617.8191	5704785.8420	-364.6369	Gi5_hw30
351683.4865	5704668.9494	-325.9022	Gi5_hw30
351724.3978	5704589.1374	-299.9914	Gi5_hw30
351756.6402	5704526.2373	-274.6524	Gi5_hw30
351803.4828	5704434.8541	-231.9763	Gi5_hw30
351858.8423	5704326.8558	-178.6312	Gi5_hw30
351908.1184	5704230.7254	-145.2904	Gi5_hw30
351962.8695	5704123.9139	-118.6179	Gi5_hw30
351965.4296	5704118.9195	-116.9809	Gi5_hw30
352006.1999	5704038.2252	-90.6116	Gi5_hw30
352043.4869	5703964.4249	-7.9267	Gi5_hw30
352071.7530	5703908.4796	62.7557	Gi5_hw30
352080.1770	5703891.8063	80.9846	Gi5_hw30
351246.7317	5705319.6950	-478.6218	So_hw29
351222.6549	5705352.9973	-488.0721	So_hw29
351202.5196	5705380.8478	-502.4279	So_hw29
351189.0111	5705399.5324	-522.0039	So_hw29
351184.6782	5705405.5255	-530.2694	So_hw29
351180.1204	5705411.8297	-568.5174	So_hw29
351171.6794	5705423.5050	-655.5562	So_hw29
351159.9551	5705439.7217	-683.8328	So_hw29
351149.7600	5705453.8233	-696.0134	So_hw29
351134.8814	5705474.4028	-702.5972	So_hw29
351198.9745	5705385.7513	-465.2047	So_hw30
351221.4254	5705354.6979	-395.6743	So_hw30
351226.2016	5705348.0916	-383.4258	So_hw30
351233.0958	5705338.5558	-368.8901	So_hw30
351254.9950	5705308.2655	-332.8971	So_hw30
351272.0696	5705284.6484	-309.5337	So_hw30
351304.3619	5705239.9826	-270.6280	So_hw30
351345.2022	5705183.4936	-234.9643	So_hw30
351415.4856	5705086.2798	-192.8164	So_hw30
351500.9654	5704968.0468	-153.9107	So_hw30
351565.9770	5704878.1247	-136.3192	So_hw30
351565.9770	5704878.1247	-136.3192	So_hw30
351576.7357	5704858.9735	-132.8367	So_hw30
351621.9921	5704778.4139	-116.6260	So_hw30
351651.3690	5704726.1209	-100.4152	So_hw30
351683.4865	5704668.9494	-73.3655	So_hw30
351683.4865	5704668.9494	-73.3655	So_hw30
351712.7311	5704611.8974	-46.9198	So_hw30
351781.5015	5704477.7365	11.4388	So_hw30
351840.6588	5704362.3292	60.0710	So_hw30
351871.7247	5704301.7242	73.6317	So_hw30
350988.1816	5705677.3136	-576.7899	Pr_hw29
351020.2423	5705632.9682	-554.7878	Pr_hw29
351029.2329	5705620.5327	-542.9838	Pr_hw29
351047.2142	5705595.6615	-563.0506	Pr_hw29
351066.5125	5705568.9687	-578.1527	Pr_hw29
351077.3188	5705554.0217	-584.5372	Pr_hw29
351086.4626	5705541.3744	-583.8278	Pr_hw29
351089.7876	5705536.7753	-576.0245	Pr_hw29
351089.3719	5705537.3502	-561.1273	Pr_hw29
351090.6188	5705535.6255	-500.8292	Pr_hw29
351095.1907	5705529.3018	-466.0691	Pr_hw29
351099.3470	5705523.5530	-447.6250	Pr_hw29
351101.8555	5705520.0833	-438.3483	Pr_hw29
351004.7692	5705654.3702	-411.4171	Er_hw30
351045.2846	5705598.3305	-335.7034	Er_hw30
351069.2722	5705565.1515	-294.8736	Er_hw30
351115.5049	5705501.2039	-220.1169	Er_hw30
351162.9542	5705435.5734	-151.5900	Er_hw30
351201.1200	5705382.7837	-109.6078	Er_hw30
351239.2857	5705329.9940	-67.6257	Er_hw30
351297.7273	5705249.1595	-21.1330	Er_hw30
351308.4727	5705234.2968	-16.4589	Er_hw30
351352.5859	5705173.2807	6.6948	Er_hw30
351396.6991	5705112.2646	29.8485	Er_hw30
351437.7288	5705055.5137	52.8089	Er_hw30
351455.2330	5705031.3024	62.0220	Er_hw30
349585.9442	5707617.9553	-259.9650	Zo8_fw29
349550.7243	5707596.2077	-255.8257	Zo8_fw29
349655.2010	5707419.9571	-235.3367	Zo8_fw29
349682.7143	5707373.5428	-226.3440	Zo8_fw29
349743.2346	5707281.4101	-207.9720	Zo8_fw29
349827.3687	5707153.3292	-180.6073	Zo8_fw29
349917.5124	5707016.0996	-142.2966	Zo8_fw29
349981.0123	5706919.4312	-115.3992	Zo8_fw29
350046.6002	5706819.3264	-87.5672	Zo8_fw29
350137.6888	5706680.3007	-68.9910	Zo8_fw29
350165.5523	5706637.7736	-65.5921	Zo8_fw29
350184.3817	5706609.0349	-62.4687	Zo8_fw29
350211.7698	5706567.2332	-56.2218	Zo8_fw29
350226.6051	5706544.5906	-59.3452	Zo8_fw29
350240.8698	5706522.8189	-69.7567	Zo8_fw29
350244.9305	5706516.6212	-70.6358	Zo8_fw29
350244.9305	5706516.6212	-70.6358	Zo8_fw29
350289.7477	5706546.7767	-77.0447	Zo8_fw29
350319.3286	5706566.6804	-79.3699	Zo8_fw29
350319.3286	5706566.6804	-79.3699	Zo8_fw29
350343.1245	5706539.4200	-81.7299	Zo8_fw29
350390.3666	5706485.2996	-86.4150	Zo8_fw29
350439.6628	5706428.8261	-87.4561	Zo8_fw29
350441.1113	5706427.1667	-87.4690	Zo8_fw29
350441.1113	5706427.1667	-87.4690	Zo8_fw29
350456.9818	5706406.3437	-87.6213	Zo8_fw29
350464.2925	5706396.7516	-93.2031	Zo8_hw29
350481.2669	5706374.4802	-75.4327	Zo8_hw29
350525.6339	5706316.2681	-5.9749	Zo8_hw29
350537.2661	5706301.0061	12.6663	Zo8_hw29
350541.3384	5706295.3734	19.4183	Zo8_hw29
350550.1412	5706283.1976	34.1626	Zo8_hw29
350572.9429	5706251.6590	72.3868	Zo8_hw29
350598.1244	5706216.8287	85.9593	Zo8_hw29
350633.9086	5706167.3332	85.9593	Zo8_hw29
350660.4153	5706130.6698	72.3868	Zo8_hw29
350691.2193	5706088.0627	38.6332	Zo8_hw29
350709.9412	5706062.1671	3.3983	Zo8_hw29
350723.8786	5706042.8893	-14.2730	Zo8_hw29
350732.2411	5706031.3226	-12.2340	Zo8_hw29
350743.7893	5706015.3495	2.0390	Zo8_hw29
350748.9660	5706008.1892	6.7967	Zo8_hw29
350766.8856	5705983.4034	-1.3593	Zo8_hw29
350778.8320	5705966.8795	-4.0780	Zo8_hw29
350784.8052	5705958.6176	0.0000	Zo8_hw29
350789.1855	5705952.5589	19.7104	Zo8_hw29
350795.5605	5705943.7411	41.7908	Zo8_hw29
350826.0828	5705901.5236	76.9109	Zo8_hw29
350855.2403	5705861.1939	106.3181	Zo8_hw29
350900.3019	5705798.8661	126.6768	Zo8_hw29
350959.9422	5705716.3735	131.2010	Zo8_hw29
350537.2661	5706301.0061	-144.3919	La_hw29
350543.4697	5706292.4254	-124.7469	La_hw29
350552.7551	5706279.5821	-105.9271	La_hw29
350565.1675	5706262.4137	-79.8527	La_hw29
350587.8020	5706231.1063	-29.5332	La_hw29
350603.7742	5706209.0140	-12.4948	La_hw29
350621.0775	5706185.0807	-5.6795	La_hw29
350639.0462	5706160.2269	-9.0871	La_hw29
350651.0254	5706143.6576	-17.0384	La_hw29
350672.9872	5706113.2807	-46.5715	La_hw29
350690.9560	5706088.4269	-90.8712	La_hw29
350694.9491	5706082.9038	-98.8225	La_hw29
350701.3985	5706073.9831	-112.1301	La_hw29
350710.7837	5706061.0018	-118.7584	La_hw29
350722.9005	5706044.2423	-115.8608	La_hw29
350755.5105	5705999.1371	-87.4636	La_hw29
350769.4862	5705979.8064	-94.2789	La_hw29
350802.7617	5705933.7807	-102.2301	La_hw29
350810.7478	5705922.7346	-93.1430	La_hw29
350823.3925	5705905.2448	-30.6690	La_hw29
350843.3578	5705877.6294	-4.5436	La_hw29
350886.6159	5705817.7961	24.9896	La_hw29
350923.8844	5705766.2474	37.4844	La_hw29
350957.8254	5705719.3013	40.8921	La_hw29
350982.9974	5705684.4842	49.7810	La_hw29
350575.4939	5706248.1305	-175.9631	Gu_hw29
350578.6560	5706243.7568	-162.1637	Gu_hw29
350582.2870	5706238.7345	-158.0321	Gu_hw29
350590.7593	5706227.0159	-154.9335	Gu_hw29
350598.0212	5706216.9714	-149.7690	Gu_hw29
350609.5193	5706201.0676	-123.9468	Gu_hw29
350619.8071	5706186.8379	-122.9139	Gu_hw29
350638.5671	5706160.8896	-152.8677	Gu_hw29
350660.3529	5706130.7561	-186.9531	Gu_hw29
350683.9543	5706098.1114	-217.9398	Gu_hw29
350702.1092	5706073.0002	-225.1700	Gu_hw29
350728.7363	5706036.1703	-218.9726	Gu_hw29
350740.2344	5706020.2665	-198.3149	Gu_hw29
350751.1273	5706005.1998	-183.8544	Gu_hw29
350763.8357	5705987.6219	-177.6571	Gu_hw29
350787.4371	5705954.9772	-185.9202	Gu_hw29
350821.9313	5705907.2658	-191.0846	Gu_hw29
350841.9017	5705879.6434	-175.5913	Gu_hw29
350860.0566	5705854.5321	-129.1112	Gu_hw29
350870.2278	5705840.4636	-111.0813	Gu_hw29
350883.3467	5705822.3180	-90.8845	Gu_hw29
350907.2593	5705789.2429	-73.3352	Gu_hw29
350926.6245	5705762.4575	-65.0721	Gu_hw29
350941.1484	5705742.3685	-65.0721	Gu_hw29
350953.8568	5705724.7906	-74.3681	Gu_hw29
350965.3549	5705708.8868	-89.8614	Gu_hw29
350975.0375	5705695.4941	-88.8285	Gu_hw29
350995.0078	5705667.8717	-71.2694	Gu_hw29
351035.5537	5705611.7899	-12.3947	Gu_hw29
351057.3396	5705581.6564	18.5920	Gu_hw29
351083.4126	5705545.5929	54.9522	Gu_hw29
350907.6492	5705788.7034	-318.5990	Ka_hw30
350924.1477	5705765.8833	-343.8123	Ka_hw30
350948.1024	5705732.7499	-365.1844	Ka_hw30
350968.2461	5705704.8878	-367.9721	Ka_hw30
350981.8567	5705686.0620	-351.2461	Ka_hw30
351021.5997	5705631.0907	-296.4219	Ka_hw30
351055.8984	5705583.6497	-226.7303	Ka_hw30
351090.0197	5705536.4542	-171.6397	Ka_hw30
351120.7471	5705493.9530	-129.0965	Ka_hw30
351151.4746	5705451.4517	-86.5534	Ka_hw30
351201.7558	5705381.9043	-33.7411	Ka_hw30
351249.5777	5705315.7585	8.0654	Ka_hw30
351295.4297	5705252.3374	45.8234	Ka_hw30
351315.8698	5705224.0653	60.0986	Ka_hw30
349553.6803	5707591.2209	-1953.2375	Wb
349556.7489	5707586.0443	-1949.0123	Wb
349580.6965	5707545.6450	-1920.1116	Wb
349587.5884	5707534.0185	-1911.7942	Wb
349619.0210	5707480.9922	-1889.6960	Wb
349674.8689	5707386.7778	-1868.3256	Wb
349692.6781	5707358.3744	-1861.7824	Wb
349714.9852	5707324.4154	-1856.4441	Wb
349780.1599	5707225.1972	-1840.8472	Wb
349823.5815	5707159.0946	-1831.5427	Wb
349872.1116	5707085.2153	-1821.0751	Wb
349972.5652	5706932.2905	-1803.1990	Wb
349983.2159	5706916.0679	-1801.3030	Wb
350013.2251	5706870.2657	-1793.6446	Wb
350074.3647	5706776.9503	-1778.0417	Wb
350162.9639	5706641.7242	-1755.9434	Wb
350198.6585	5706587.2446	-1750.1281	Wb
350236.4986	5706529.4904	-1755.8143	Wb
350256.9015	5706524.6759	-1758.2696	Wb
350293.6974	5706549.4343	-1769.5998	Wb
350306.5637	5706558.0914	-1773.5616	Wb
350357.9821	5706522.3992	-1792.5087	Wb
350374.6317	5706503.3254	-1798.9769	Wb
350430.9936	5706438.7575	-1829.1554	Wb
350476.7413	5706380.4182	-1855.2695	Wb
350479.9444	5706376.2154	-1857.1301	Wb
350527.9398	5706313.2427	-1875.6336	Wb
350571.7040	5706253.3726	-1892.9654	Wb
350607.2456	5706204.2126	-1907.1420	Wb
350697.1945	5706079.7979	-1924.5879	Wb
350813.0379	5705919.5669	-1916.4465	Wb
350918.6598	5705773.4740	-1893.1852	Wb
350990.8916	5705673.5652	-1864.1085	Wb
351017.4674	5705636.8063	-1862.9455	Wb
351121.0450	5705493.5410	-1872.2500	Wb
351200.7725	5705383.2644	-1883.8807	Wb
351439.1317	5705053.5732	-1908.8488	Wb
351545.9447	5704905.8328	-1906.0987	Wb
351590.6200	5704834.2583	-1890.4177	Wb
351651.4273	5704726.0172	-1824.4064	Wb
351689.6556	5704656.9143	-1757.8355	Wb
351710.2988	5704616.6425	-1665.4853	Wb
351712.1103	5704613.1085	-1657.3813	Wb
351751.2168	5704536.8174	-1393.9181	Wb
351779.8314	5704480.9947	-1207.8210	Wb
351784.8808	5704471.1439	-1188.8775	Wb
351795.7568	5704449.9265	-1168.7996	Wb
351836.9708	5704369.5239	-1136.1731	Wb
351930.8473	5704186.3845	-1050.8422	Wb
351979.9081	5704090.2630	-1008.1768	Wb
351991.9360	5704066.4569	-1005.5096	Wb
352002.5436	5704045.4619	-1003.1573	Wb
352068.1863	5703915.5388	-1014.4511	Wb
352116.2867	5703820.3364	-1015.7060	Wb
352182.7486	5703686.6295	-991.8636	Wb
352196.2324	5703657.3089	-979.3849	Wb
352222.0709	5703601.1229	-955.4724	Wb
352247.5956	5703545.6193	-922.9770	Wb
352302.5286	5703426.1672	-814.6918	Wb
352328.4920	5703369.7095	-691.6691	Wb
352369.1787	5703281.2361	-419.1972	Wb
352408.7211	5703195.2509	-137.2433	Wb